0-> colorful #FF8C00
3-> blue    #0072B2
4-> yellow  #FCEC52
6-> grey   #666666
5-> white   #F0F0F0
2-> green   #009E73
1 -> red   #E74C3C

[0. 6. 0. 0. 0. 0. 0. 0. 0. 0. 0. 3. 3. 4. 3. 0. 4. 0. 0. 0. 5. 5. 5. 5.
 5. 2. 2. 2. 2. 2. 0. 0. 0. 0. 0. 0. 0. 0. 0. 0. 0. 0. 0. 0. 0. 0. 0. 0.
 0. 0. 4. 0. 4. 4. 4. 0. 0. 0. 0. 0. 0. 0. 0. 0. 0. 0. 0. 0. 0. 0. 0. 0.
 0. 2. 0. 0. 0. 0. 0. 0. 0. 0. 0. 0. 0. 0. 0. 0. 0. 0. 0. 0. 0. 0. 0. 0.
 0. 0. 0. 0. 0. 0. 0. 0. 0. 0. 0. 0. 0. 0. 5. 0. 0. 0. 3. 0. 0. 0. 0. 0.
 0. 4. 4. 0. 0. 0. 0. 0. 0. 0. 0. 0. 0. 0. 0. 0. 0. 6. 0. 0. 4. 0. 0. 0.
 0. 1. 1. 2. 2. 2. 0. 3. 5. 6. 6. 0. 6. 0. 4. 0. 0. 0. 3. 0. 0. 1. 1. 1.
 1. 5. 4. 1. 0. 5. 1. 0. 0. 0. 0. 0. 0. 0. 0. 0. 0. 0. 0. 0. 0. 0. 5. 0.
 0. 0. 0. 3. 3. 3. 3. 3.]